

1650677660
1048557669
405085447
288897614
260030441
745475881
682444557
381476738
1114455927
728443962
733467147
96700915
849636438
133006562
1718241991
850508589
661916707
885076949
172909524
1662144347
1057174674
817503478
470348031
741170400
608825099
1785174782
1677840637
676516844
1027020336
379092709
1031105204
279887075
387241491
802987756
1757211647
129362636
134363478
708734390
603750505
1016226203
408310105
727586266
527170936
684765000
546328456
1677724290
285492195
656650799
775424335
441745412
678869312
666673702
746173362
407700539
665074439
92645796
732564256
1132503831
667772824
923667293
289268212
381435256
505456853
1689954831
467426552
575083143
112394247
1635636237
688058032
632846530
272148646
708558593
411367952
1667651824
1044149349
671324515
735318883
505753958
497243145
808224164
826813153
1060588193
408127043
708668355
592915236
306021698
381731325
497245877
884407616
656837006
1036684910
1041753346
425753912
737291674
274860958
276215246
1018899546
1761404428
95747188
743929085
725757903
1018322799
395601843
716535027
707994264
702030007
711882582
664800495
1660593285
761935320
907846250
710919382
700105057
327369528
722324510
1698799872
517546721
391817269
570031615
1601145275
1646318507
1599676172
765897259
732587956
814211378
814266610
479194205
436620463
272205633
1778137875
268466435
645039969
683960846
812503806
277736265
1734379566
704862361
196993935
372602234
714301811
1667142915
800766688
692927621
353571709
648580690
1120123433
436282312
648284158
267828157
1665345942
281917995
1761437721
1723092456
775836877
341937167
215312615
513051429
616387080
653206261
114141735
735337687
397877514
381721620
792439789
642888208
675726227
1095516252
1796104567
729426279
685563493
373105724
691880599
295203711
1041019759
359818230
667731602
823098622
651856143
533230328
443713646
401641740
1114856175
505674254
322201563
454291526
729710484
719969485
424866011
92668878
902244960
692726067
708668350
788261009
1706913599
711610520
1673557666
1043432493
340037975
669642169
263711635
414285109
711807576
362925212
1658642885
512699835
1602582004
354545599
822939859
253285776
1600687454
840197627
305541108
470355944
645334290
644625978
293015773
240252102
302522772
167873659
667179601
879952791
581746910
661559176
1113406041
520391983
420855626
850030842
646254529
726063493
1103072296
608768105
264707578
420806631
1014781561
587284558
293016387
453507941
184808698
407916093
517581841
392198472
353042333
353042353
875470122
676606897
928417138
320123884
832551907
454712217
479287798
515369883
397370407
787276193
291487571
1668434515
1598770009
688043066
188124207
1055654897
480140223
1061111027
1066902449
349740505
1062618758
737165580
346621366
357287592
1793399563
737729038
799838374
1668399849
504729396
351855490
379773991
818014323
1710464608
143584903
654163069
651578083
761802506
401612253
325418806
714384984
131480439
754742177
830618254
1625534083
792864035
828233086
872483114
1731961317
131953845
99758820
651798426
1075220749
712148688
738242430
398187652
1097558494
429413615
746866993
746893667
838208355
587388518
829273025
378555255
745542776
240610147
317908977
1013049189
710962071
925814798
1664881163
435878238
451024527
190884141
641725918
1705232246
834807033
397259828
452325706
723741315
1825542166
436170894
2053061789
